108.25 108.25 108.25 188.45
103.25 91.75 195.25 91.75
91.75 191.95 91.75 103.25
108.25 208.25 108.25 691.75
108.25 188.45 191.75 188.45
91.75 695.25 91.75 204.75
108.25 708.25 108.25 1091.75
108.25 691.75 191.75 691.75
91.75 1095.25 91.75 704.75
108.25 1108.25 108.25 1591.75
108.25 1091.75 191.75 1091.75
91.75 1595.25 91.75 1104.75
108.25 1608.25 108.25 1691.75
108.25 1591.75 191.75 1591.75
91.75 1696.75 91.75 1604.75
108.25 1691.75 191.75 1691.75
191.75 108.25 108.25 108.25
208.25 108.25 208.25 188.45
204.75 91.75 695.25 91.75
191.75 208.25 108.25 208.25
191.75 188.45 191.75 108.25
208.25 208.25 208.25 691.75
208.25 188.45 691.75 188.45
191.75 708.25 108.25 708.25
191.75 691.75 191.75 208.25
208.25 708.25 208.25 1091.75
208.25 691.75 691.75 691.75
191.75 1108.25 108.25 1108.25
191.75 1091.75 191.75 708.25
208.25 1108.25 208.25 1591.75
208.25 1091.75 691.75 1091.75
191.75 1608.25 108.25 1608.25
191.75 1591.75 191.75 1108.25
208.25 1608.25 208.25 1691.75
208.25 1591.75 691.75 1591.75
195.25 1708.25 103.25 1708.25
191.75 1691.75 191.75 1608.25
208.25 1691.75 691.75 1691.75
691.75 108.25 208.25 108.25
708.25 108.25 708.25 188.45
704.75 91.75 1195.25 91.75
691.75 208.25 208.25 208.25
691.75 188.45 691.75 108.25
708.25 208.25 708.25 691.75
708.25 188.45 1191.75 188.45
691.75 708.25 208.25 708.25
691.75 691.75 691.75 208.25
708.25 708.25 708.25 1091.75
708.25 691.75 1191.75 691.75
691.75 1108.25 208.25 1108.25
691.75 1091.75 691.75 708.25
708.25 1108.25 708.25 1591.75
708.25 1091.75 1191.75 1091.75
691.75 1608.25 208.25 1608.25
691.75 1591.75 691.75 1108.25
708.25 1608.25 708.25 1691.75
708.25 1591.75 1191.75 1591.75
695.25 1708.25 204.75 1708.25
691.75 1691.75 691.75 1608.25
708.25 1691.75 1191.75 1691.75
1191.75 108.25 708.25 108.25
1211.55 108.25 1211.55 188.45
1208.05 91.75 1595.25 91.75
1191.75 208.25 708.25 208.25
1191.75 188.45 1191.75 108.25
1211.55 208.25 1211.55 691.75
1211.55 188.45 1591.75 188.45
1191.75 708.25 708.25 708.25
1191.75 691.75 1191.75 208.25
1211.55 708.25 1211.55 1091.75
1211.55 691.75 1591.75 691.75
1191.75 1108.25 708.25 1108.25
1191.75 1091.75 1191.75 708.25
1211.55 1108.25 1211.55 1591.75
1211.55 1091.75 1591.75 1091.75
1191.75 1608.25 708.25 1608.25
1191.75 1591.75 1191.75 1108.25
1211.55 1608.25 1211.55 1691.75
1211.55 1591.75 1591.75 1591.75
1195.25 1708.25 704.75 1708.25
1191.75 1691.75 1191.75 1608.25
1211.55 1691.75 1591.75 1691.75
1591.75 108.25 1211.55 108.25
1608.25 108.25 1608.25 188.45
1604.75 91.75 1696.75 91.75
1591.75 208.25 1211.55 208.25
1591.75 188.45 1591.75 108.25
1608.25 208.25 1608.25 691.75
1608.25 188.45 1691.75 188.45
1591.75 708.25 1211.55 708.25
1591.75 691.75 1591.75 208.25
1608.25 708.25 1608.25 1091.75
1608.25 691.75 1691.75 691.75
1591.75 1108.25 1211.55 1108.25
1591.75 1091.75 1591.75 708.25
1608.25 1108.25 1608.25 1591.75
1608.25 1091.75 1691.75 1091.75
1591.75 1608.25 1211.55 1608.25
1591.75 1591.75 1591.75 1108.25
1608.25 1608.25 1608.25 1691.75
1608.25 1591.75 1691.75 1591.75
1595.25 1708.25 1208.05 1708.25
1591.75 1691.75 1591.75 1608.25
1608.25 1691.75 1691.75 1691.75
1691.75 108.25 1608.25 108.25
1708.25 103.25 1708.25 191.95
1691.75 208.25 1608.25 208.25
1691.75 188.45 1691.75 108.25
1708.25 204.75 1708.25 695.25
1691.75 708.25 1608.25 708.25
1691.75 691.75 1691.75 208.25
1708.25 704.75 1708.25 1095.25
1691.75 1108.25 1608.25 1108.25
1691.75 1091.75 1691.75 708.25
1708.25 1104.75 1708.25 1595.25
1691.75 1608.25 1608.25 1608.25
1691.75 1591.75 1691.75 1108.25
1708.25 1604.75 1708.25 1696.75
1696.75 1708.25 1604.75 1708.25
1691.75 1691.75 1691.75 1608.25
