737.32 329.13 674.43 349.13
674.43 349.13 654.61 349.87
654.61 349.87 641.83 348.04
721.44 575.96 665.43 444.64
655.92 378.58 677.31 429.83
1632.91 814.26 1661.13 810.55
1663.75 806.89 1695.41 803.18
1694.90 803.21 1729.73 800.06
919.67 1006.44 935.44 1044.90
1729.89 813.20 1627.24 826.64
1895.65 765.25 1916.05 682.76
1889.17 786.64 1730.35 814.11
1740.41 800.92 1817.05 787.64
1791.36 635.52 1919.43 672.80
1916.05 682.76 1788.87 645.73
1788.87 645.73 1740.41 800.92
1729.85 799.49 1778.81 642.70
1538.08 1040.66 1636.99 1036.14
1636.99 1036.14 1704.65 1031.63
1704.65 1031.63 1712.46 1031.20
1712.46 1031.20 1762.54 1031.77
1542.76 1025.97 1636.29 1022.36
1636.29 1022.36 1703.77 1017.87
1703.77 1017.87 1711.82 1017.42
1711.82 1017.42 1761.10 1014.41
641.83 348.04 653.35 376.45
1861.63 312.18 1854.98 374.54
1854.98 374.54 1851.36 388.35
1851.36 388.35 1826.24 473.59
1826.24 473.59 1782.64 632.47
1868.79 312.94 1862.06 375.84
1862.06 375.84 1858.30 390.27
1858.30 390.27 1833.18 475.53
1833.18 475.53 1790.64 635.68
2107.58 742.47 1952.98 782.46
1925.31 770.89 1937.73 768.38
1938.53 765.62 2103.30 725.90
663.54 434.00 628.59 351.31
772.34 453.94 678.93 441.09
1092.47 435.74 1151.68 629.82
1151.68 629.82 1151.77 630.11
1151.77 630.11 1216.42 826.72
1099.32 433.51 1158.60 627.80
1158.60 627.80 1158.65 628.01
1158.65 628.01 1223.78 826.05
1366.56 348.90 1145.59 418.99
678.34 430.41 772.15 443.31
1142.76 408.86 1362.91 336.32
1330.85 1048.41 1383.31 1045.71
1383.31 1045.71 1411.70 1045.03
1411.70 1045.03 1531.74 1040.92
1326.04 1031.91 1383.23 1031.91
1383.23 1031.91 1411.34 1031.23
1411.34 1031.23 1512.29 1026.68
2110.78 883.09 1939.89 871.66
1939.89 871.66 1931.98 867.55
1931.98 867.55 1928.02 858.90
1928.02 858.90 1932.54 823.43
1932.54 823.43 1940.35 788.65
1951.17 789.41 1943.13 825.30
1943.13 825.30 1939.12 857.56
1939.12 857.56 1940.12 859.64
1940.12 859.64 1944.44 861.38
1944.44 861.38 2111.51 872.41
1146.97 1026.56 1071.00 1056.53
1071.00 1056.53 1048.66 1061.54
1048.66 1061.54 1010.41 1065.69
1310.04 854.56 1310.04 861.40
1310.04 861.40 1318.57 1026.47
1317.24 854.90 1317.24 861.22
1317.24 861.22 1326.04 1031.91
1570.48 819.09 1547.25 779.47
1547.25 779.47 1523.25 718.58
1523.25 718.58 1494.18 642.63
1494.18 642.63 1489.31 630.30
1489.31 630.30 1486.11 622.27
1486.11 622.27 1462.03 564.12
1548.03 820.52 1540.53 782.03
1540.53 782.03 1516.53 721.18
1516.53 721.18 1487.48 645.25
1487.48 645.25 1482.61 632.96
1482.61 632.96 1479.43 624.99
1479.43 624.99 1451.99 566.01
1171.50 1048.35 1159.46 1020.65
1158.85 1053.86 1146.97 1026.56
1200.44 1116.68 1171.34 1051.63
1190.61 1120.42 1161.74 1055.92
1626.43 825.56 1549.12 834.85
1570.48 818.89 1620.92 814.42
1216.76 837.34 1127.49 826.13
1127.74 815.58 1216.42 826.72
902.42 767.98 912.30 769.96
915.96 767.35 949.35 774.52
951.58 778.38 1122.19 814.57
807.83 589.07 737.27 581.72
1120.01 824.84 900.30 778.29
1149.70 1003.96 1127.49 826.13
1139.16 1005.84 1120.22 825.96
1542.76 1025.53 1532.58 978.11
1532.58 978.11 1511.09 862.19
1512.80 1026.34 1525.46 979.15
1525.46 979.15 1499.88 857.24
1329.00 208.55 1331.12 220.50
1331.12 220.50 1337.55 246.40
1337.55 246.40 1341.26 258.59
1341.26 258.59 1351.90 295.14
1351.90 295.14 1362.97 336.23
1336.08 207.29 1338.16 219.00
1338.16 219.00 1344.49 244.48
1344.49 244.48 1348.16 256.53
1348.16 256.53 1358.76 292.98
1358.76 292.98 1377.00 345.07
1673.94 609.73 1667.86 633.93
1667.86 633.93 1665.98 640.21
1665.98 640.21 1660.36 664.73
1660.36 664.73 1658.35 676.44
1658.35 676.44 1651.43 695.05
1651.43 695.05 1622.73 812.78
1680.77 612.08 1674.80 635.83
1674.80 635.83 1672.94 642.05
1672.94 642.05 1667.42 666.15
1667.42 666.15 1665.31 678.32
1665.31 678.32 1658.35 697.07
1658.35 697.07 1632.91 814.26
1761.77 1031.70 1822.52 1051.74
1786.78 1017.08 1830.40 1025.09
736.39 571.07 807.54 578.49
1682.38 601.81 1704.19 514.93
1675.55 599.44 1697.21 513.17
1235.83 826.42 1269.77 832.32
1437.93 829.86 1466.46 827.54
1920.54 793.35 1878.70 950.44
1878.70 950.44 1858.95 1029.47
1856.88 1038.58 1852.08 1059.95
1830.40 1025.09 1838.10 996.13
1838.10 996.13 1851.33 943.70
1851.33 943.70 1871.35 862.45
2110.39 1547.88 1787.08 1309.41
1767.15 1281.50 1767.15 1273.94
1767.15 1273.94 1814.20 1093.07
1814.20 1093.07 1821.44 1050.82
1823.08 1293.48 1823.02 1294.26
1823.02 1294.26 1826.78 1301.68
1826.78 1301.68 2168.46 1549.42
1851.88 1059.78 1843.35 1096.33
1843.35 1096.33 1810.23 1234.82
1810.23 1234.82 1809.51 1237.62
1809.51 1237.62 1808.96 1242.40
1808.96 1242.40 1809.91 1245.98
1810.23 1247.20 1817.01 1259.34
892.63 326.36 989.10 302.52
890.33 319.51 986.86 295.66
1919.54 669.97 2015.69 285.06
2045.52 293.57 2036.65 335.30
2036.65 335.30 2033.32 351.75
2033.32 351.75 2029.11 368.81
2029.11 368.81 2023.32 399.34
2023.32 399.34 1991.59 505.78
1991.59 505.78 1954.38 651.66
740.03 315.34 873.62 270.40
871.22 285.14 743.23 325.50
914.68 589.49 920.69 472.43
907.52 588.53 913.48 472.41
817.58 579.52 907.52 588.53
777.06 702.73 773.66 694.69
773.66 694.69 724.38 585.35
737.27 581.72 770.01 654.57
912.16 599.92 818.41 590.15
965.39 617.76 949.19 609.94
949.19 609.94 928.15 597.98
928.15 597.98 914.74 589.81
962.27 624.24 945.85 616.32
945.85 616.32 925.13 604.52
925.13 604.52 912.25 599.86
1334.95 1073.25 1331.20 1048.64
1412.14 1399.72 1335.20 1073.77
1405.14 1401.40 1328.15 1081.12
1326.81 1080.86 1325.20 1080.41
1325.20 1080.41 1321.26 1081.15
1321.26 1081.15 1205.49 1128.00
1314.43 1049.24 1319.28 1074.23
1319.28 1074.23 1202.48 1117.23
678.93 441.09 734.13 570.55
527.30 870.48 797.99 906.92
797.99 906.92 836.55 912.52
836.55 912.52 865.30 919.21
865.26 929.98 834.60 922.84
834.60 922.84 796.53 917.33
796.53 917.33 525.90 880.89
1037.42 255.48 1027.67 232.18
1027.67 232.18 986.22 242.15
1030.68 258.02 1024.37 238.58
1024.37 238.58 988.06 249.11
1759.97 1014.94 1761.65 1014.27
1761.65 1014.27 1788.96 1017.47
993.93 294.17 982.22 254.85
986.86 295.66 975.32 256.91
1940.35 788.65 1927.82 791.31
989.10 302.52 1039.46 442.05
995.78 299.80 1046.43 440.13
779.51 442.76 744.05 326.53
772.15 443.31 737.32 329.13
1870.44 859.05 1889.17 786.64
1043.29 451.85 992.79 468.51
992.79 468.51 976.31 470.54
976.31 470.54 937.58 471.94
937.58 471.94 920.77 471.87
921.23 461.37 937.41 461.44
937.41 461.44 975.49 460.07
975.49 460.07 990.49 458.25
990.49 458.25 1039.46 442.05
782.95 444.76 914.05 461.90
913.48 472.41 783.04 455.36
1092.47 435.74 1043.26 453.76
1046.03 440.36 1089.00 425.83
1095.85 423.60 1135.90 411.07
1138.73 421.19 1099.32 433.51
1954.15 651.60 1945.68 688.36
1944.76 689.17 1925.31 770.89
882.88 322.33 895.21 356.85
895.21 356.85 909.66 403.49
909.66 403.49 912.32 415.27
912.32 415.27 914.05 461.90
892.63 326.36 902.07 354.65
902.07 354.65 916.62 401.63
916.62 401.63 919.46 414.35
919.46 414.35 921.23 461.37
871.22 285.14 883.62 322.13
873.71 270.16 890.33 319.51
1818.95 780.63 1887.89 769.38
1041.05 266.42 1102.90 301.56
1102.90 301.56 1122.13 364.79
1122.13 364.79 1135.90 411.07
1037.51 255.69 1108.52 297.06
1108.52 297.06 1129.03 362.71
1129.03 362.71 1142.76 408.86
663.54 434.00 504.56 434.71
664.75 443.34 504.60 441.91
1856.95 1036.39 1873.28 1040.40
1873.28 1040.40 1879.24 1045.87
1879.24 1045.87 1879.29 1052.71
1879.29 1052.71 1877.92 1062.88
1877.92 1062.88 1880.27 1071.66
1880.27 1071.66 1986.69 1101.28
1858.95 1029.47 1876.76 1034.10
1876.76 1034.10 1885.80 1042.89
1885.80 1042.89 1886.49 1053.05
1886.49 1053.05 1885.12 1062.62
1885.12 1062.62 1885.51 1066.72
1885.51 1066.72 1988.59 1094.34
583.85 270.90 584.11 -0.00
775.71 455.75 807.54 578.49
783.04 455.36 814.85 578.02
867.82 664.91 858.36 653.58
858.36 653.58 845.23 639.09
845.23 639.09 828.75 614.48
828.75 614.48 818.41 590.15
862.15 669.35 852.92 658.30
852.92 658.30 839.55 643.53
839.55 643.53 822.41 617.90
822.41 617.90 811.05 591.24
821.51 728.84 830.99 739.35
828.79 763.78 822.17 778.55
805.42 720.32 812.91 722.59
1817.01 1259.34 2094.99 1138.82
2102.47 1152.52 1846.55 1270.61
1844.73 1273.32 1826.27 1282.58
742.96 713.59 763.70 720.84
1672.95 609.63 1496.78 553.19
1494.41 552.39 1492.02 551.74
1492.02 551.74 1480.40 556.19
1480.40 556.19 1462.53 564.37
1452.04 536.15 1472.73 528.29
1472.73 528.29 1484.50 524.94
1484.50 524.94 1495.29 524.65
1495.29 524.65 1504.37 530.80
1504.37 530.80 1501.59 543.70
1501.59 543.70 1675.55 599.44
772.68 656.35 805.63 722.57
596.43 0.91 597.81 261.92
1703.74 514.83 1722.70 440.14
1722.70 440.14 1727.96 419.73
1727.96 419.73 1733.95 393.34
1733.95 393.34 1739.99 372.50
1739.99 372.50 1744.47 329.84
1744.47 329.84 1748.15 299.49
1696.76 513.05 1715.72 438.36
1715.72 438.36 1720.96 418.03
1720.96 418.03 1726.97 391.54
1726.97 391.54 1732.93 371.12
1732.93 371.12 1737.31 329.04
1737.31 329.04 1741.01 298.63
1376.70 345.36 1452.04 536.15
1452.30 566.98 1366.93 349.22
1778.81 642.70 1680.77 612.08
1683.31 601.87 1782.42 632.82
916.90 1050.99 898.42 1006.30
898.42 1006.30 869.84 935.12
886.61 930.84 906.26 978.92
906.26 978.92 916.39 1004.63
1159.29 1017.46 1170.97 1015.23
1170.97 1015.23 1184.15 1018.77
1184.15 1018.77 1242.75 1038.19
1242.75 1038.19 1289.78 1045.66
1289.78 1045.66 1310.21 1045.71
1155.10 1002.98 1172.09 1001.37
1172.09 1001.37 1187.89 1005.49
1187.89 1005.49 1246.53 1024.93
1246.53 1024.93 1294.68 1035.83
1294.68 1035.83 1310.21 1031.91
620.54 339.60 593.64 285.92
593.46 285.92 584.17 270.92
1007.58 1069.59 974.53 1071.88
974.53 1071.88 940.60 1073.73
937.99 1049.40 994.76 1046.12
994.76 1046.12 1042.36 1040.30
1042.36 1040.30 1063.25 1036.18
1063.25 1036.18 1104.07 1018.51
1115.04 1014.29 1139.43 1006.31
886.61 930.84 912.83 936.95
912.83 936.95 985.16 953.61
985.16 953.61 1047.45 972.09
1047.45 972.09 1092.38 984.98
1092.38 984.98 1104.07 1018.86
885.95 923.29 914.45 929.93
914.45 929.93 987.00 946.65
987.00 946.65 1049.47 965.17
1049.47 965.17 1095.78 978.64
1095.78 978.64 1105.82 987.28
1105.82 987.28 1114.79 1013.58
867.52 673.08 879.86 686.51
879.86 686.51 885.77 695.65
885.77 695.65 892.01 706.13
892.01 706.13 896.65 724.01
896.65 724.01 896.92 734.37
896.92 734.37 895.93 744.34
895.93 744.34 895.61 756.80
895.61 756.80 895.43 765.87
872.82 668.22 885.56 682.11
885.56 682.11 891.89 691.85
891.89 691.85 898.65 703.37
898.65 703.37 903.77 722.99
903.77 722.99 904.12 734.63
904.12 734.63 903.11 744.78
903.11 744.78 902.81 756.96
902.81 756.96 902.60 767.27
894.01 776.93 862.10 769.89
862.10 769.89 853.43 767.08
853.43 767.08 835.48 762.22
835.48 762.22 824.67 762.09
812.25 794.45 796.01 771.37
796.01 771.37 789.93 768.35
789.93 768.35 783.51 763.39
783.51 763.39 779.73 756.50
779.73 756.50 776.10 749.57
775.88 749.29 736.76 728.01
736.76 728.01 663.40 699.10
663.40 699.10 345.52 575.35
351.44 564.39 739.75 714.17
827.31 739.99 842.10 747.39
842.10 747.39 895.43 765.87
819.95 777.15 821.29 781.63
821.29 781.63 846.21 843.43
846.21 843.43 877.61 916.61
598.19 261.58 605.22 276.34
605.22 276.34 630.36 335.44
865.30 919.21 834.51 846.27
834.51 846.27 813.56 795.78
817.75 730.24 867.68 673.97
812.37 725.46 862.15 669.35
1224.66 827.87 1232.29 829.16
1283.17 849.28 1210.67 838.88
1315.95 844.46 1435.19 833.41
1469.73 830.59 1498.62 828.38
641.38 337.36 655.17 339.39
655.17 339.39 672.61 338.75
672.61 338.75 737.30 316.38
1489.93 840.59 1317.24 854.90
1511.25 827.37 1548.37 820.72
1549.31 833.88 1512.36 837.81
1095.85 423.60 1041.05 266.42
1089.00 425.83 1030.74 260.59
1283.74 836.36 1145.59 418.99
1276.90 838.62 1138.73 421.19
764.34 720.05 776.14 704.45
1284.85 838.45 1312.34 844.30
1310.16 854.57 1282.66 848.72
355.17 1960.86 299.04 1983.23
299.04 1983.23 146.21 2050.75
231.32 1995.49 306.01 1961.20
858.38 1712.35 945.67 1670.17
695.16 1789.11 780.92 1748.50
798.22 1740.44 840.89 1720.65
1774.35 1302.21 1365.83 1497.87
212.65 1532.40 241.43 1600.39
208.06 1522.93 501.86 1397.29
506.52 1406.72 212.65 1532.40
685.78 1793.86 608.48 1618.69
604.17 1609.11 510.11 1408.94
522.70 1406.21 613.81 1604.95
618.12 1614.53 695.16 1789.11
501.86 1397.29 468.14 1325.52
468.14 1325.52 448.66 1283.37
448.66 1283.37 439.78 1269.61
439.78 1269.61 423.73 1257.80
0.64 1264.49 118.33 1275.45
118.33 1275.45 170.00 1267.49
170.00 1267.49 389.31 1193.66
444.77 1176.58 679.16 1090.06
679.16 1090.06 761.49 1068.42
761.49 1068.42 800.72 1060.94
800.72 1060.94 840.22 1054.51
840.22 1054.51 884.10 1051.84
884.10 1051.84 904.21 1051.17
904.21 1051.17 916.90 1050.99
423.99 1256.98 375.93 1227.85
1377.09 1470.47 1408.53 1456.48
389.31 1193.66 376.33 1180.27
376.33 1180.27 370.81 1174.63
370.81 1174.63 362.56 1169.65
362.56 1169.65 353.91 1170.17
353.91 1170.17 341.37 1172.41
341.37 1172.41 301.70 1179.85
201.54 1191.55 306.52 1168.46
199.30 1181.28 304.30 1158.19
304.30 1158.19 334.56 1151.81
334.56 1151.81 357.60 1148.71
358.40 1148.64 359.28 1148.63
359.28 1148.63 436.73 1163.48
453.25 1246.38 456.75 1254.29
456.75 1254.29 465.84 1275.37
465.84 1275.37 485.96 1320.26
485.96 1320.26 491.11 1332.91
491.11 1332.91 518.27 1390.20
449.54 1206.94 448.57 1213.22
448.57 1213.22 449.28 1223.15
449.28 1223.15 452.56 1244.02
799.32 1292.78 523.15 1403.38
518.02 1390.57 794.45 1279.87
316.16 1757.84 482.37 1663.37
484.88 1664.47 604.17 1609.11
608.48 1618.69 481.98 1697.21
458.00 1702.64 320.58 1767.36
918.96 1076.78 850.09 1078.47
850.09 1078.47 808.40 1085.36
808.40 1085.36 734.57 1101.25
726.13 1103.17 454.39 1202.65
375.67 1227.34 200.89 1286.44
200.89 1286.44 185.69 1292.35
185.69 1292.35 171.83 1303.04
613.81 1604.95 719.21 1562.92
721.53 1574.04 790.68 1744.60
711.39 1577.34 618.12 1614.53
780.92 1748.50 711.39 1577.34
952.49 1667.83 882.49 1492.96
945.67 1670.17 875.65 1495.24
879.88 1486.24 805.87 1289.74
873.36 1489.35 799.32 1292.78
801.13 1277.20 734.57 1101.25
794.45 1279.87 727.54 1103.03
953.47 1669.63 1137.28 1583.07
1146.81 1578.65 1346.52 1487.98
1358.51 1482.53 1375.68 1474.72
1412.46 1458.29 1766.95 1286.80
801.13 1277.20 979.76 1204.51
984.88 1215.32 805.71 1289.34
940.60 1073.73 962.83 1134.10
963.80 1136.58 989.38 1198.72
994.65 1211.48 1071.56 1396.52
1075.77 1406.63 1107.82 1483.35
1110.58 1490.01 1146.81 1578.65
1137.28 1583.07 1098.43 1488.87
1098.35 1487.94 1066.29 1411.18
1062.08 1401.06 984.88 1215.32
979.84 1203.15 954.09 1140.58
424.12 2126.52 356.97 1966.33
353.86 1942.24 311.38 1840.89
311.38 1840.89 299.82 1772.66
297.60 1767.09 288.09 1746.74
288.09 1746.74 244.68 1652.80
244.68 1652.80 230.93 1620.78
230.93 1620.78 220.06 1606.91
220.06 1606.91 180.34 1558.68
946.78 1140.00 924.13 1078.51
989.38 1198.72 1190.61 1120.42
1196.18 1133.06 994.65 1211.48
1206.21 1128.31 1281.01 1303.07
1283.46 1308.77 1316.92 1386.87
241.35 1601.14 248.14 1611.46
248.14 1611.46 262.65 1645.11
262.65 1645.11 316.16 1757.84
320.85 1769.51 330.28 1834.42
330.28 1834.42 371.44 1934.90
372.74 1959.72 439.90 2119.91
1348.50 1485.67 1309.95 1397.22
1307.10 1390.60 1274.01 1313.39
1271.18 1306.78 1196.56 1132.45
1380.48 1558.39 1353.24 1503.53
1631.24 1612.37 1598.54 1590.03
1598.54 1590.03 1490.61 1611.13
1490.61 1611.13 1397.02 1567.31
1397.02 1567.31 1388.79 1562.60
1365.83 1497.87 1392.83 1552.25
1394.01 1553.50 1401.86 1558.00
1401.86 1558.00 1491.91 1600.54
1491.91 1600.54 1600.70 1579.46
1600.70 1579.46 1637.10 1603.66
1319.35 1392.52 1358.51 1482.53
1352.21 1502.17 1152.00 1591.46
1144.95 1598.35 960.17 1685.85
953.45 1685.40 866.90 1729.06
790.01 1766.77 703.39 1807.78
22.53 2099.40 99.56 2065.44
18.29 2089.81 95.30 2055.85
95.30 2055.85 231.32 1995.40
10.18 1363.04 37.17 1384.73
37.17 1384.73 93.82 1442.75
100.35 1450.22 161.44 1522.00
161.44 1522.00 179.94 1558.46
867.14 1730.81 897.65 1795.09
968.08 1982.21 954.53 1951.25
954.53 1951.25 930.43 1897.52
930.43 1897.52 901.21 1829.61
901.21 1829.61 886.00 1795.32
961.48 1985.09 947.95 1954.17
947.95 1954.17 923.83 1900.42
923.83 1900.42 894.61 1832.49
894.61 1832.49 879.46 1798.34
879.46 1798.34 855.29 1748.34
858.38 1712.35 776.15 1539.07
776.15 1539.07 720.00 1561.94
841.17 1719.95 773.81 1545.87
773.81 1545.87 727.39 1570.81
308.95 1960.09 325.16 1953.23
325.16 1953.23 348.39 1943.87
724.34 1814.58 712.19 1818.15
712.19 1818.15 702.80 1818.11
695.78 1814.94 380.51 1956.71
372.00 1936.52 685.44 1795.63
1075.64 1406.89 1274.01 1313.39
1071.56 1396.52 1271.18 1306.78
1307.10 1390.60 1107.82 1483.35
1309.95 1397.22 1110.58 1490.01
1062.20 1401.35 879.88 1486.24
1066.29 1411.18 882.49 1492.96
458.35 1702.64 343.95 1774.51
481.79 1696.88 347.77 1780.61
430.61 1180.55 432.24 1180.11
857.25 1744.78 856.70 1747.72
855.29 1748.34 816.85 1765.43
811.23 1765.81 802.39 1763.36
1490.05 840.59 1499.88 857.62
437.52 1163.48 445.40 1175.80
