50526.82 55461.94 50557.98 55197.23
50526.82 55460.36 50261.85 55597.18
50185.79 55637.52 50132.30 55666.22
50118.63 55672.90 50058.23 55707.30
50041.84 55717.19 49937.59 55776.17
49918.07 55785.49 49661.04 55885.62
49639.57 55892.87 49610.18 55901.85
49574.91 55910.39 49546.98 55916.68
49476.71 55931.41 49250.97 55981.00
49217.70 55987.92 49105.11 56009.78
49103.15 56009.78 49019.06 55961.89
49000.08 55946.36 48845.82 55834.48
48703.16 55727.35 48821.48 55813.78
48676.94 55706.24 48599.54 55650.14
48505.06 55557.20 48451.70 55498.50
48448.83 55537.15 48300.88 55427.40
48233.38 55374.32 48056.82 55248.05
48024.39 55174.99 48061.54 55017.23
48069.82 54987.81 48077.20 54957.39
48085.01 54927.81 48116.25 54806.97
48126.66 54763.03 48145.32 54688.66
48163.54 54632.89 48236.86 54339.38
48242.35 54309.95 48262.33 54224.39
48267.69 54193.39 48267.69 54168.86
48313.68 54133.71 48587.51 53974.97
48623.52 53955.23 48943.00 53791.53
48943.79 53793.46 48970.68 53807.58
48969.92 53807.40 49116.04 53723.38
49159.11 53706.54 49182.31 53703.11
49219.06 53697.78 49318.09 53680.58
49338.27 53658.88 49397.05 53650.35
49317.52 53681.58 49338.27 53658.48
49432.33 53647.50 49547.06 53628.52
49582.72 53624.49 49777.41 53594.91
49849.74 53592.70 49738.92 53637.41
49850.83 53592.29 49881.34 53612.13
49881.34 53612.51 49881.40 53642.29
49912.90 53600.02 49953.58 53571.65
49987.00 53568.52 50057.30 53558.19
50094.80 53553.10 50315.79 53520.73
50350.89 53516.00 50395.57 53509.09
50435.63 53503.67 50547.99 53486.20
50547.99 53485.82 50561.91 53503.70
50582.54 53515.08 50624.73 53522.79
50625.32 53523.17 50721.73 53622.58
50721.54 53622.58 50709.26 53749.82
50706.43 53779.84 50704.92 53794.31
50696.42 53845.68 50688.23 53941.92
50685.64 53974.87 50671.39 54114.31
50665.15 54179.77 50622.07 54591.53
50616.11 54679.78 50611.99 54709.82
50604.11 54753.14 50586.38 54923.07
50567.83 55107.10 50582.67 54956.53
48522.85 55551.21 48551.93 55561.99
48577.96 55547.62 48640.87 55559.60
48600.52 55650.05 48646.95 55584.76
50568.27 55109.40 50506.25 55141.88
50492.74 55185.58 50404.17 55216.06
50073.61 55330.08 50368.58 55234.35
50476.92 55156.92 50402.59 55183.14
50356.26 55199.72 50238.75 55237.39
50202.64 55249.26 50131.21 55272.99
50097.41 55283.31 50057.47 55296.73
50023.68 55311.17 49943.79 55335.94
50035.97 55346.26 49950.71 55370.00
49913.45 55382.02 49835.62 55406.56
49900.26 55350.86 49826.39 55375.41
49801.98 55381.07 49775.60 55388.63
49747.90 55400.43 49687.88 55420.73
49658.20 55432.06 49580.37 55456.60
49553.33 55466.04 49529.58 55474.54
49541.46 55503.34 49669.41 55462.74
49703.05 55451.88 49760.43 55434.89
49782.86 55426.39 49810.56 55416.01
49500.39 55515.46 49455.56 55530.00
49185.09 55605.06 49312.73 55567.83
49174.45 55577.72 49302.85 55539.90
49347.68 55558.52 49419.85 55538.15
49334.76 55526.51 49416.82 55504.40
49444.93 55497.42 49492.79 55483.46
48689.85 55704.23 48899.04 55647.71
48708.74 55725.00 48907.76 55672.83
48932.45 55667.03 49072.64 55627.42
48924.46 55641.91 49061.02 55600.85
